volts	mAhg
3.01121538	1.8797E-05
3.03715572	0.000793233
3.06294347	0.001669173
3.08918898	0.002669173
3.11497673	0.003796992
3.14091707	0.005090226
3.16639963	0.006575188
3.1918822	0.008296992
3.21736477	0.010300752
3.24269474	0.012609023
3.26802472	0.01518797
3.2933547	0.018090226
3.31868467	0.021360902
3.34416724	0.025093985
3.36934463	0.029345865
3.3946746	0.034259398
3.41985199	0.039984962
3.44502937	0.046699248
3.47020676	0.054703008
3.49523156	0.064274436
3.52040894	0.076725564
3.54543374	0.096281955
3.57061112	0.138086466
3.59472038	0.279056391
3.60357061	0.420026316
3.60860609	0.561
3.61242084	0.701969925
3.61532006	0.84293985
3.61791409	0.983913534
3.61959258	1.124883459
3.62157626	1.265853383
3.62310216	1.406827068
3.62447547	1.547796992
3.62584878	1.688766917
3.6270695	1.829740602
3.62829023	1.970710526
3.62935836	2.111680451
3.6302739	2.252654135
3.63118944	2.39362406
3.63241016	2.534593985
3.63317311	2.675567669
3.63393606	2.816537594
3.63485161	2.957507519
3.63561456	3.098481203
3.63637751	3.239451128
3.63714046	3.380421053
3.63790341	3.521394737
3.63851377	3.662364662
3.63927672	3.803334586
3.64003967	3.944308271
3.64049744	4.085278195
3.6411078	4.22624812
3.64187076	4.367221805
3.64248112	4.508191729
3.64309148	4.649161654
3.64354925	4.790135338
3.64415961	4.931105263
3.64492256	5.072075188
3.64522774	5.213048872
3.6458381	5.354018797
3.64644846	5.494988722
3.64675364	5.635962406
3.647364	5.776932331
3.64782177	5.917902256
3.64812696	6.05887594
3.64888991	6.199845865
3.64950027	6.340815789
3.64980545	6.481789474
3.6505684	6.622759398
3.65072099	6.763729323
3.65117876	6.904703008
3.65148394	7.045672932
3.6520943	7.186642857
3.65270466	7.327616541
3.65316243	7.468586466
3.65346761	7.609556391
3.65377279	7.750530075
3.65438315	7.8915
3.65484092	8.032469925
3.65514611	8.173443609
3.65560388	8.314413534
3.65590906	8.455383459
3.65621424	8.596357143
3.6568246	8.737327068
3.65712978	8.878296992
3.65758755	9.019270677
3.65819791	9.160240602
3.6583505	9.301210526
3.65865568	9.442184211
3.65911345	9.583154135
3.65941863	9.72412406
3.6598764	9.865097744
3.66033417	10.00606767
3.66079194	10.14703759
3.66109712	10.28801128
3.6614023	10.4289812
3.66186007	10.56995113
3.66216526	10.71092481
3.66262303	10.85189474
3.66292821	10.99286466
3.66323339	11.13383835
3.66353857	11.27480827
3.66384375	11.4157782
3.66445411	11.55675188
3.66475929	11.6977218
3.66506447	11.83869173
3.66552224	11.97966541
3.66567483	12.12063534
3.66598001	12.26160526
3.66643778	12.40257895
3.66674296	12.54354887
3.66704814	12.6845188
3.66735332	12.82549248
3.66796368	12.96646241
3.66826886	13.10743233
3.66842145	13.24840602
3.66887922	13.38937594
3.66887922	13.53034586
3.669337	13.67131955
3.66964218	13.81228947
3.67009995	13.9532594
3.67025254	14.09423308
3.67071031	14.23520301
3.6708629	14.37617293
3.67132067	14.51714662
3.67162585	14.65811654
3.67193103	14.79908647
3.67223621	14.94006015
3.67269398	15.08103008
3.67284657	15.222
3.67330434	15.36297368
3.67360952	15.50394361
3.67376211	15.64491353
3.67406729	15.78588346
3.67452506	15.92685714
3.67467765	16.06782707
3.67498283	16.20879699
3.67528801	16.34977068
3.67574578	16.4907406
3.67589837	16.63171053
3.67635615	16.77268421
3.67650874	16.91365414
3.67666133	17.05462406
3.6771191	17.19559774
3.67742428	17.33656767
3.67772946	17.47753759
3.67818723	17.61851128
3.67833982	17.7594812
3.678645	17.90045113
3.67910277	18.04142481
3.67925536	18.18239474
3.67956054	18.32336466
3.67986572	18.46433835
3.6801709	18.60530827
3.68047608	18.7462782
3.68078126	18.88725188
3.68093385	19.0282218
3.68123903	19.16919173
3.68139162	19.31016541
3.6816968	19.45113534
3.68215457	19.59210526
3.68230716	19.73307895
3.68276493	19.87404887
3.68307012	20.0150188
3.68322271	20.15599248
3.68368048	20.29696241
3.68383307	20.43793233
3.68398566	20.57890602
3.68444343	20.71987594
3.68444343	20.86084586
3.6849012	21.00181955
3.68520638	21.14278947
3.68535897	21.2837594
3.68581674	21.42473308
3.68627451	21.56570301
3.68627451	21.70667293
3.68657969	21.84764662
3.68688487	21.98861654
3.68719005	22.12958647
3.68749523	22.27056015
3.68749523	22.41153008
3.687953	22.5525
3.68825818	22.69347368
3.68841077	22.83444361
3.68886854	22.97541353
3.68902113	23.11638722
3.6894789	23.25735714
3.6894789	23.39832707
3.68993668	23.53930075
3.69024186	23.68027068
3.69054704	23.8212406
3.69069963	23.96221429
3.69100481	24.10318421
3.69130999	24.24415414
3.69146258	24.38512782
3.69176776	24.52609774
3.69207294	24.66706767
3.69207294	24.80804135
3.69237812	24.94901128
3.6926833	25.0899812
3.69329366	25.23095489
3.69344625	25.37192481
3.69375143	25.51289474
3.69375143	25.65386842
3.69405661	25.79483835
3.69436179	25.93580827
3.69466697	26.07678195
3.69497215	26.21775188
3.69527733	26.3587218
3.69527733	26.49969549
3.69558251	26.64066541
3.69588769	26.78163534
3.69619287	26.92260902
3.69665064	27.06357895
3.69680323	27.20454887
3.69695583	27.34552256
3.69726101	27.48649248
3.69756619	27.62746241
3.69771878	27.76843609
3.69802396	27.90940602
3.69832914	28.05037594
3.69878691	28.19134962
3.69878691	28.33231955
3.69909209	28.47328947
3.69924468	28.61426316
3.69954986	28.75523308
3.69985504	28.89620301
3.70000763	29.03717669
3.7004654	29.17814662
3.70077058	29.31911654
3.70092317	29.46009023
3.70138094	29.60106015
3.70138094	29.74203008
3.70153353	29.88300376
3.70183871	30.02397368
3.70214389	30.16494361
3.70229648	30.30591729
3.70260166	30.44688722
3.70305943	30.58785714
3.70305943	30.72883083
3.70336461	30.86980075
3.70366979	31.01077068
3.70397498	31.15174436
3.70443275	31.29271429
3.70443275	31.43368421
3.70473793	31.57465789
3.70489052	31.71562782
3.7051957	31.85659774
3.70550088	31.99757143
3.70580606	32.13854135
3.70595865	32.27951128
3.70611124	32.42048496
3.70641642	32.56145489
3.7067216	32.70242481
3.70687419	32.8433985
3.70717937	32.98436842
3.70733196	33.12533835
3.70778973	33.26631203
3.70778973	33.40728195
3.7082475	33.54825188
3.70840009	33.68922556
3.70870527	33.83019549
3.70901045	33.97116541
3.70916304	34.1121391
3.70931563	34.25310902
3.70962081	34.39407895
3.70962081	34.53505263
3.70992599	34.67602256
3.71023117	34.81699248
3.71038376	34.95796617
3.71068894	35.09893609
3.71099413	35.23990602
3.71129931	35.3808797
3.7114519	35.52184962
3.71175708	35.66281955
3.71206226	35.80379323
3.71221485	35.94476316
3.71252003	36.08573308
3.71282521	36.22670677
3.71282521	36.36767669
3.71313039	36.50864662
3.71343557	36.6496203
3.71374075	36.79059023
3.71389334	36.93156015
3.71389334	37.07253383
3.71435111	37.21350376
3.71480888	37.35447368
3.71480888	37.49544361
3.71511406	37.63641729
3.71526665	37.77738722
3.71572442	37.91835714
3.71572442	38.05933083
3.71587701	38.20030075
3.71618219	38.34127068
3.71648737	38.48224436
3.71663996	38.62321429
3.71679255	38.76418421
3.71694514	38.90515789
3.71725032	39.04612782
3.7175555	39.18709774
3.71770809	39.32807143
3.71816587	39.46904135
3.71847105	39.61001128
3.71847105	39.75098496
3.71892882	39.89195489
3.71892882	40.03292481
3.719234	40.1738985
3.71938659	40.31486842
3.71969177	40.45583835
3.71984436	40.59681203
3.71999695	40.73778195
3.72030213	40.87875188
3.72045472	41.01972556
3.72060731	41.16069549
3.72091249	41.30166541
3.72121767	41.4426391
3.72152285	41.58360902
3.72152285	41.72457895
3.72182803	41.86555263
3.7222858	42.00652256
3.72243839	42.14749248
3.72259098	42.28846617
3.72289616	42.42943609
3.72289616	42.57040602
3.72320134	42.7113797
3.72335393	42.85234962
3.72365911	42.99331955
3.72396429	43.13429323
3.72411688	43.27526316
3.72426947	43.41623308
3.72442206	43.55720677
3.72457465	43.69817669
3.72487984	43.83914662
3.72503243	43.9801203
3.7254902	44.12109023
3.72564279	44.26206015
3.72594797	44.40303383
3.72610056	44.54400376
3.72610056	44.68497368
3.72640574	44.82594737
3.72671092	44.96691729
3.72686351	45.10788722
3.72716869	45.2488609
3.72732128	45.38983083
3.72732128	45.53080075
3.72762646	45.67177444
3.72777905	45.81274436
3.72808423	45.95371429
3.72823682	46.09468797
3.72838941	46.23565789
3.728542	46.37662782
3.72869459	46.5176015
3.72930495	46.65857143
3.72945754	46.79954135
3.72976272	46.94051504
3.72976272	47.08148496
3.7300679	47.22245489
3.73037308	47.36342857
3.73052567	47.5043985
3.73052567	47.64536842
3.73083085	47.78634211
3.73098344	47.92731203
3.73113603	48.06828195
3.73144121	48.20925564
3.7315938	48.35022556
3.73189899	48.49119549
3.73189899	48.63216917
3.73220417	48.7731391
3.73250935	48.91410902
3.73281453	49.05508271
3.73296712	49.19605263
3.73311971	49.33702256
3.7332723	49.47799624
3.73373007	49.61896617
3.73373007	49.75993609
3.73388266	49.90090977
3.73434043	50.0418797
3.73434043	50.18284962
3.73464561	50.32382331
3.73495079	50.46479323
3.73495079	50.60576316
3.73525597	50.74673684
3.73540856	50.88770677
3.73556115	51.02867669
3.73571374	51.16965038
3.73617151	51.3106203
3.73647669	51.45159023
3.73647669	51.59256391
3.73678187	51.73353383
3.73678187	51.87450376
3.73708705	52.01547744
3.73739223	52.15644737
3.73739223	52.29741729
3.73754482	52.43839098
3.73785	52.5793609
3.73815518	52.72033083
3.73830777	52.86130451
3.73861295	53.00227444
3.73861295	53.14324436
3.73891814	53.28421805
3.73907073	53.42518797
3.73922332	53.56615789
3.73937591	53.70712782
3.73968109	53.8481015
3.73998627	53.98907143
3.74013886	54.13004135
3.74029145	54.27101504
3.74044404	54.41198496
3.74059663	54.55295489
3.74090181	54.69392857
3.7410544	54.8348985
3.74135958	54.97586842
3.74166476	55.11684211
3.74181735	55.25781203
3.74196994	55.39878195
3.74212253	55.53975564
3.74242771	55.68072556
3.74242771	55.82169549
3.74273289	55.96266917
3.74273289	56.1036391
3.74319066	56.24460902
3.74319066	56.38558271
3.74364843	56.52655263
3.74364843	56.66752256
3.74380102	56.80849624
3.7441062	56.94946617
3.74456397	57.09043609
3.74456397	57.23140977
3.74486915	57.3723797
3.74502174	57.51334962
3.74517433	57.65432331
3.74532692	57.79529323
3.7456321	57.93626316
3.7457847	58.07723684
3.74593729	58.21820677
3.74608988	58.35917669
3.74624247	58.50015038
3.74654765	58.6411203
3.74685283	58.78209023
3.74715801	58.92306391
3.7473106	59.06403383
3.74746319	59.20500376
3.74761578	59.34597744
3.74776837	59.48694737
3.74792096	59.62791729
3.74822614	59.76889098
3.74822614	59.9098609
3.74853132	60.05083083
3.74868391	60.19180451
3.74868391	60.33277444
3.74898909	60.47374436
3.74914168	60.61471805
3.74944686	60.75568797
3.74959945	60.89665789
3.74990463	61.03763158
3.74990463	61.1786015
3.75005722	61.31957143
3.75051499	61.46054511
3.75082017	61.60151504
3.75112535	61.74248496
3.75112535	61.88345865
3.75127794	62.02442857
3.75158312	62.1653985
3.75173571	62.30637218
3.7518883	62.44734211
3.75219348	62.58831203
3.75234607	62.72928571
3.75249866	62.87025564
3.75265126	63.01122556
3.75280385	63.15219925
3.75310903	63.29316917
3.75326162	63.4341391
3.7535668	63.57511278
3.7535668	63.71608271
3.75371939	63.85705263
3.75417716	63.99802632
3.75448234	64.13899624
3.75463493	64.27996617
3.75478752	64.42093985
3.75494011	64.56190977
3.7550927	64.7028797
3.75524529	64.84385338
3.75555047	64.98482331
3.75600824	65.12579323
3.75585565	65.26676692
3.75585565	65.40773684
3.75631342	65.54870677
3.75646601	65.68968045
3.75677119	65.83065038
3.75692378	65.9716203
3.75722896	66.11259398
3.75722896	66.25356391
3.75753414	66.39453383
3.75768673	66.53550752
3.75799191	66.67647744
3.75829709	66.81744737
3.75844968	66.95842105
3.75860227	67.09939098
3.75875486	67.2403609
3.75890745	67.38133459
3.75921263	67.52230451
3.75951781	67.66327444
3.75967041	67.80424812
3.759823	67.94521805
3.75997559	68.08618797
3.76028077	68.22716165
3.76058595	68.36813158
3.76073854	68.5091015
3.76073854	68.65007519
3.76104372	68.79104511
3.7613489	68.93201504
3.76165408	69.07298872
3.76180667	69.21395865
3.76195926	69.35492857
3.76211185	69.49590226
3.76241703	69.63687218
3.76241703	69.77784211
3.76272221	69.91881579
3.76302739	70.05978571
3.76317998	70.20075564
3.76348516	70.34172932
3.76363775	70.48269925
3.76363775	70.62366917
3.76394293	70.76464286
3.76424811	70.90561278
3.7644007	71.04658271
3.76485847	71.18755639
3.76455329	71.32852632
3.76516365	71.46949624
3.76531624	71.61046992
3.76546883	71.75143985
3.7659266	71.89240977
3.7659266	72.03338346
3.76623178	72.17435338
3.76638437	72.31532331
3.76653696	72.45629699
3.76684215	72.59726692
3.76699474	72.73823684
3.76729992	72.87921053
3.7676051	73.02018045
3.76775769	73.16115038
3.76791028	73.3021203
3.76821546	73.44309398
3.76836805	73.58406391
3.76867323	73.72503383
3.76882582	73.86600752
3.769131	74.00697744
3.76928359	74.14794737
3.76974136	74.28892105
3.76958877	74.42989098
3.77004654	74.5708609
3.77019913	74.71183459
3.77035172	74.85280451
3.77050431	74.99377444
3.77080949	75.13474812
3.77096208	75.27571805
3.77126726	75.41668797
3.77141985	75.55766165
3.77172503	75.69863158
3.77187762	75.8396015
3.77203021	75.98057519
3.77248798	76.12154511
3.77264057	76.26251504
3.77294575	76.40348872
3.77309834	76.54445865
3.77325093	76.68542857
3.77355612	76.82640226
3.77370871	76.96737218
3.7738613	77.10834211
3.77416648	77.24931579
3.77447166	77.39028571
3.77462425	77.53125564
3.77477684	77.67222932
3.77508202	77.81319925
3.77523461	77.95416917
3.77553979	78.09514286
3.77584497	78.23611278
3.77615015	78.37708271
3.77630274	78.51805639
3.77660792	78.65902632
3.7769131	78.79999624
3.77706569	78.94096992
3.77737087	79.08193985
3.77767605	79.22290977
3.77767605	79.36388346
3.77798123	79.50485338
3.77813382	79.64582331
3.77859159	79.78679699
3.77859159	79.92776692
3.77904936	80.06873684
3.77920195	80.20971053
3.77950713	80.35068045
3.7799649	80.49165038
3.78011749	80.63262406
3.78027008	80.77359398
3.78057527	80.91456391
3.78072786	81.05553759
3.78103304	81.19650752
3.78133822	81.33747744
3.78149081	81.47845113
3.7816434	81.61942105
3.78194858	81.76039098
3.78240635	81.90136466
3.78255894	82.04233459
3.78286412	82.18330451
3.7831693	82.3242782
3.78347448	82.46524812
3.78362707	82.60621805
3.78393225	82.74719173
3.78408484	82.88816165
3.78423743	83.02913158
3.78454261	83.17010526
3.78500038	83.31107519
3.78515297	83.45204511
3.78530556	83.5930188
3.78576333	83.73398872
3.78591592	83.87495865
3.7862211	84.01593233
3.78652628	84.15690226
3.78683146	84.29787218
3.78713664	84.43884586
3.78744182	84.57981579
3.78774701	84.72078571
3.7878996	84.8617594
3.78820478	85.00272932
3.78850996	85.14369925
3.78866255	85.28467293
3.78881514	85.42564286
3.78927291	85.56661278
3.7894255	85.70758647
3.78973068	85.84855639
3.79003586	85.98952632
3.79049363	86.1305
3.79079881	86.27146992
3.7909514	86.41243985
3.79125658	86.55341353
3.79156176	86.69438346
3.79201953	86.83535338
3.79217212	86.97632707
3.7924773	87.11729699
3.79278248	87.25826692
3.79293507	87.3992406
3.79339284	87.54021053
3.79369802	87.68118045
3.79415579	87.82215414
3.79430838	87.96312406
3.79446098	88.10409398
3.79476616	88.24506767
3.79507134	88.38603759
3.7956817	88.52700752
3.79583429	88.6679812
3.79598688	88.80895113
3.79644465	88.94992105
3.79674983	89.09089474
3.79705501	89.23186466
3.79736019	89.37283459
3.79751278	89.51380827
3.79797055	89.6547782
3.79827573	89.79574812
3.7987335	89.9367218
3.79903868	90.07769173
3.79934386	90.21866165
3.79949645	90.35963534
3.79980163	90.50060526
3.8002594	90.64157519
3.80071717	90.78254511
3.80086976	90.9235188
3.80117494	91.06448872
3.80163272	91.20545865
3.8019379	91.34643233
3.80224308	91.48740226
3.80254826	91.62837218
3.80285344	91.76934586
3.80315862	91.91031579
3.80331121	92.05128571
3.80376898	92.1922594
3.80392157	92.33322932
3.80437934	92.47419925
3.80483711	92.61517293
3.80544747	92.75614286
3.80575265	92.89711278
3.80605783	93.03808647
3.80621042	93.17905639
3.80682078	93.32002632
3.80697337	93.461
3.80743114	93.60196992
3.80788891	93.74293985
3.8080415	93.88391353
3.80849928	94.02488346
3.80895705	94.16585338
3.80926223	94.30682707
3.80972	94.44779699
3.80987259	94.58876692
3.81033036	94.7297406
3.81078813	94.87071053
3.81109331	95.01168045
3.81139849	95.15265414
3.81200885	95.29362406
3.81231403	95.43459398
3.81246662	95.57556767
3.81307698	95.71653759
3.81353475	95.85750752
3.81383993	95.9984812
3.8142977	96.13945113
3.81460288	96.28042105
3.81475547	96.42139474
3.81536584	96.56236466
3.8159762	96.70333459
3.81643397	96.84430827
3.81658656	96.9852782
3.81704433	97.12624812
3.81734951	97.2672218
3.81765469	97.40819173
3.81811246	97.54916165
3.81872282	97.69013534
3.81918059	97.83110526
3.81948577	97.97207519
3.81994354	98.11304887
3.82040131	98.2540188
3.82070649	98.39498872
3.82116426	98.53596241
3.82162203	98.67693233
3.8220798	98.81790226
3.82238499	98.95887594
3.82299535	99.09984586
3.82330053	99.24081579
3.82391089	99.38178947
3.82421607	99.5227594
3.82467384	99.66372932
3.82497902	99.80470301
3.82558938	99.94567293
3.82604715	100.0866429
3.82650492	100.2276165
3.8268101	100.3685865
3.82742046	100.5095564
3.82787823	100.6505301
3.82818341	100.7915
3.82848859	100.9324699
3.82925154	101.0734436
3.82970932	101.2144135
3.8300145	101.3553835
3.83062486	101.4963571
3.83123522	101.6373271
3.8315404	101.778297
3.83199817	101.9192707
3.83230335	102.0602406
3.83291371	102.2012105
3.83367666	102.3421842
3.83398184	102.4831541
3.83443961	102.6241241
3.83504997	102.7650977
3.83520256	102.9060677
3.83581292	103.0470376
3.8362707	103.1880113
3.83703365	103.3289812
3.83733883	103.4699511
3.8377966	103.6109248
3.83855955	103.7518947
3.83901732	103.8928647
3.8393225	104.0338383
3.83978027	104.1748083
3.84039063	104.3157782
3.84115358	104.4567519
3.84161135	104.5977218
3.84191653	104.7386917
3.84267948	104.8796654
3.84298466	105.0206353
3.84359503	105.1616053
3.84435798	105.3025789
3.84466316	105.4435489
3.84512093	105.5845188
3.84573129	105.7254925
3.84618906	105.8664624
3.84664683	106.0074323
3.84725719	106.148406
3.84786755	106.2893759
3.84817273	106.4303459
3.84908827	106.5713195
3.84939345	106.7122895
3.85000381	106.8532594
3.85046159	106.9942331
3.85091936	107.135203
3.8518349	107.2761729
3.85229267	107.4171466
3.85290303	107.5581165
3.85366598	107.6990865
3.85381857	107.8400602
3.85473411	107.9810301
3.85519188	108.122
3.85580224	108.2629737
3.85626001	108.4039436
3.85702296	108.5449135
3.85748074	108.6858872
3.85793851	108.8268571
3.85870146	108.9678271
3.85946441	109.1088008
3.85976959	109.2497707
3.86037995	109.3907406
3.86099031	109.5317143
3.86129549	109.6726842
3.86236362	109.8136541
3.8626688	109.9546278
3.86343175	110.0955977
3.86419471	110.2365677
3.86449989	110.3775414
3.86495766	110.5185113
3.86572061	110.6594812
3.86648356	110.8004549
3.86709392	110.9414248
3.86770428	111.0823947
3.86816205	111.2233684
3.86877241	111.3643383
3.86968795	111.5053083
3.87014572	111.646282
3.87090867	111.7872519
3.87151904	111.9282218
3.87197681	112.0691917
3.87273976	112.2101654
3.87335012	112.3511353
3.87411307	112.4921053
3.87472343	112.6330789
3.8751812	112.7740489
3.87579156	112.9150188
3.87640192	113.0559925
3.87731746	113.1969624
3.87792782	113.3379323
3.8783856	113.478906
3.87914855	113.6198759
3.8799115	113.7608459
3.88052186	113.9018195
3.88128481	114.0427895
3.88204776	114.1837594
3.88235294	114.3247331
3.8829633	114.465703
3.88387884	114.6066729
3.8844892	114.7476466
3.88509957	114.8886165
3.88586252	115.0295865
3.88647288	115.1705602
3.88723583	115.3115301
3.88799878	115.4525
3.88860914	115.5934737
3.88937209	115.7344436
3.88982986	115.8754135
3.89059281	116.0163872
3.89135576	116.1573571
3.89196612	116.2983271
3.89257649	116.4393008
3.89333944	116.5802707
3.89425498	116.7212406
3.89486534	116.8622143
3.8954757	117.0031842
3.89623865	117.1441541
3.8970016	117.2851278
3.89761196	117.4260977
3.8985275	117.5670677
3.89913787	117.7080414
3.89974823	117.8490113
3.90051118	117.9899812
3.90127413	118.1309549
3.90203708	118.2719248
3.90295262	118.4128947
3.90356298	118.5538684
3.90417334	118.6948383
3.9047837	118.8358083
3.90569924	118.976782
3.9064622	119.1177519
3.90722515	119.2587218
3.90783551	119.3996955
3.90844587	119.5406654
3.90920882	119.6816353
3.91012436	119.822609
3.91073472	119.9635789
3.91149767	120.1045489
3.91226062	120.2455226
3.91302358	120.3864925
3.91378653	120.5274624
3.91454948	120.6684361
3.91515984	120.809406
3.9157702	120.9503759
3.91668574	121.0913496
3.91760128	121.2323195
3.91836423	121.3732895
3.918822	121.5142632
3.91989014	121.6552331
3.92065309	121.796203
3.92141604	121.9371767
3.9220264	122.0781466
3.92278935	122.2191165
3.92370489	122.3600902
3.92431525	122.5010602
3.92523079	122.6420301
3.92599374	122.7830038
3.9266041	122.9239737
3.92751965	123.0649436
3.9282826	123.2059173
3.92904555	123.3468872
3.92965591	123.4878571
3.93072404	123.6288308
3.9313344	123.7698008
3.93209735	123.9107707
3.93301289	124.0517444
3.93362325	124.1927143
3.9345388	124.3336842
3.93530175	124.4746579
3.93591211	124.6156278
3.93682765	124.7565977
3.9375906	124.8975714
3.93850614	125.0385414
3.9391165	125.1795113
3.94003204	125.320485
3.94094759	125.4614549
3.94155795	125.6024248
3.9423209	125.7433985
3.94338903	125.8843684
3.94399939	126.0253383
3.94476234	126.166312
3.94583047	126.307282
3.94628824	126.4482519
3.94720378	126.5892256
3.94796674	126.7301955
3.94888228	126.8711654
3.94964523	127.0121391
3.95040818	127.153109
3.95117113	127.2940789
3.95193408	127.4350526
3.95284962	127.5760226
3.95376516	127.7169925
3.95452811	127.8579662
3.95498589	127.9989361
3.95620661	128.139906
3.95681697	128.2808797
3.95773251	128.4218496
3.95864805	128.5628195
3.95925841	128.7037932
3.96017395	128.8447632
3.9609369	128.9857331
3.96185245	129.1267068
3.96231022	129.2676767
3.96353094	129.4086466
3.9641413	129.5496203
3.96505684	129.6905902
3.96581979	129.8315602
3.96673533	129.9725338
3.96749828	130.1135038
3.96841382	130.2544737
3.96932937	130.3954474
3.96993973	130.5364173
3.97100786	130.6773872
3.97161822	130.8183609
3.97238117	130.9593308
3.97314412	131.1003008
3.97421225	131.2412707
3.9749752	131.3822444
3.97558556	131.5232143
3.97634852	131.6641842
3.97726406	131.8051579
3.9781796	131.9461278
3.97909514	132.0870977
3.97985809	132.2280714
3.98092622	132.3690414
3.98153658	132.5100113
3.98229953	132.650985
3.98306249	132.7919549
3.98397803	132.9329248
3.98489357	133.0738985
3.98565652	133.2148684
3.98657206	133.3558383
3.98733501	133.496812
3.98825055	133.637782
3.9890135	133.7787519
3.98977646	133.9197256
3.99084459	134.0606955
3.99160754	134.2016654
3.99267567	134.3426391
3.99328603	134.483609
3.99404898	134.6245789
3.99496452	134.7655526
3.99588006	134.9065226
3.99664302	135.0474925
3.99740597	135.1884662
3.99832151	135.3294361
3.99938964	135.470406
4	135.6113797
4.00091554	135.7523496
4.00167849	135.8933195
4.00259403	136.0342932
4.00335698	136.1752632
4.00442512	136.3162331
4.00503548	136.4572068
4.0062562	136.5981767
4.00686656	136.7391466
4.0077821	136.8801203
4.00854505	137.0210902
4.009308	137.1620602
4.01037613	137.3030338
4.01113909	137.4440038
4.01190204	137.5849737
4.01281758	137.7259474
4.01358053	137.8669173
4.01464866	138.0078872
4.01541161	138.1488609
4.01617456	138.2898308
4.01739528	138.4308008
4.01800565	138.5717744
4.01892119	138.7127444
4.01968414	138.8537143
4.02059968	138.994688
4.02136263	139.1356579
4.02227817	139.2766278
4.02288853	139.4176015
4.02380407	139.5585714
4.0250248	139.6995414
4.02563516	139.840515
4.02639811	139.981485
4.02731365	140.1224549
4.02838178	140.2634286
4.02914473	140.4043985
4.03006027	140.5453684
4.03082322	140.6863421
4.03189136	140.827312
4.03265431	140.968282
4.03341726	141.1092556
4.03418021	141.2502256
4.03524834	141.3911955
4.03616388	141.5321692
4.03677424	141.6731391
4.03784237	141.814109
4.03875792	141.9550827
4.03952087	142.0960526
4.04028382	142.2370226
4.04119936	142.3779962
4.0421149	142.5189662
4.04318303	142.6599361
4.04394598	142.8009098
4.04470893	142.9418797
4.04577707	143.0828496
4.04654002	143.2238233
4.04745556	143.3647932
4.04806592	143.5057632
4.04913405	143.6467368
4.05004959	143.7877068
4.05096513	143.9286767
4.05188067	144.0696504
4.05279622	144.2106203
4.05371176	144.3515902
4.05447471	144.4925639
4.05523766	144.6335338
4.05600061	144.7745038
4.05706874	144.9154774
4.05798428	145.0564474
4.05889982	145.1974173
4.05951019	145.338391
4.06073091	145.4793609
4.06134127	145.6203308
4.06225681	145.7613045
4.06317235	145.9022744
4.06424048	146.0432444
4.06500343	146.184218
4.06591897	146.325188
4.06683452	146.4661579
4.06790265	146.6071316
4.06881819	146.7481015
4.06942855	146.8890714
4.07034409	147.0300451
4.07125963	147.171015
4.07217517	147.311985
4.07324331	147.4529586
4.07415885	147.5939286
4.07507439	147.7348985
4.07614252	147.8758722
4.07690547	148.0168421
4.07751583	148.157812
4.07858396	148.2987857
4.0794995	148.4397556
4.08026246	148.5807256
4.081178	148.7216992
4.08224613	148.8626692
4.08316167	149.0036391
4.08392462	149.1446128
4.08484016	149.2855827
4.08590829	149.4265526
4.08682383	149.5675263
4.08758679	149.7084962
4.08850233	149.8494662
4.08957046	149.9904398
4.090486	150.1314098
4.09124895	150.2723797
4.09231708	150.4133496
4.09308003	150.5543233
4.09430076	150.6952932
4.09491112	150.8362632
4.09582666	150.9772368
4.0967422	151.1182068
4.09765774	151.2591767
4.09857328	151.4001504
4.09948882	151.5411203
4.10055695	151.6820902
4.10131991	151.8230639
4.10238804	151.9640338
4.10315099	152.1050038
4.10421912	152.2459774
4.10498207	152.3869474
4.10589761	152.5279173
4.10696574	152.668891
4.10788128	152.8098609
4.10894942	152.9508308
4.10955978	153.0918045
4.11062791	153.2327744
4.11169604	153.3737444
4.11245899	153.514718
4.11322194	153.655688
4.11444266	153.7966579
4.11520562	153.9376316
4.11627375	154.0786015
4.1170367	154.2195714
4.11810483	154.3605451
4.11886778	154.501515
4.11978332	154.642485
4.12085145	154.7834586
4.12191958	154.9244286
4.12283513	155.0653985
4.12359808	155.2063722
4.12451362	155.3473421
4.12558175	155.488312
4.12664988	155.6292857
4.12756542	155.7702556
4.12848096	155.9112256
4.12924392	156.0521992
4.13015946	156.1931692
4.131075	156.3341391
4.13199054	156.4751128
4.13305867	156.6160827
4.13397421	156.7570526
4.13488975	156.8980263
4.13580529	157.0389962
4.13672084	157.1799662
4.13763638	157.3209398
4.13870451	157.4619098
4.13977264	157.6028797
4.14068818	157.7438534
4.14145113	157.8848233
4.14236667	158.0257932
4.14343481	158.1667669
4.14435035	158.3077368
4.14526589	158.4487068
4.14618143	158.5896805
4.14740215	158.7306504
4.14831769	158.8716203
4.14908064	159.012594
4.14999619	159.1535639
4.15106432	159.2945338
4.15197986	159.4355075
4.15304799	159.5764774
4.15396353	159.7174474
4.15503166	159.8584211
4.15579461	159.999391
4.15671015	160.1403609
4.15777829	160.2813346
4.15884642	160.4223045
4.15960937	160.5632744
4.1606775	160.7042481
4.16159304	160.845218
4.16266117	160.986188
4.16342412	161.1271617
4.16433967	161.2681316
4.1654078	161.4091015
4.16632334	161.5500752
4.16739147	161.6910451
4.16830701	161.832015
4.16922255	161.9729887
4.17013809	162.1139586
4.17105364	162.2549286
4.17212177	162.3959023
4.1731899	162.5368722
4.17395285	162.6778421
4.17502098	162.8188158
4.17593652	162.9597857
4.17685206	163.1007556
4.1779202	163.2417293
4.17898833	163.3826992
4.17975128	163.5236692
4.180972	163.6646429
4.18173495	163.8056128
4.18295567	163.9465827
4.18371862	164.0875564
4.18463416	164.2285263
4.18554971	164.3694962
4.18661784	164.5104699
4.18753338	164.6514398
4.18844892	164.7924098
4.18936446	164.9333835
4.19043259	165.0743534
4.19119554	165.2153233
4.19226368	165.356297
4.19333181	165.4972669
4.19409476	165.6382368
4.19531548	165.7792068
4.19607843	165.9201805
4.19729915	166.0611504
4.19821469	166.2021203
4.19913024	166.343094
4.20004578	166.4840639
4.2012665	166.6250338
4.20187686	166.7660075
4.20294499	166.9069774
4.20401312	167.0479474
4.20492866	167.1889211
4.20584421	167.329891
4.20675975	167.4708609
4.20767529	167.6118346
4.20889601	167.7528045
4.20965896	167.8937744
4.21042191	168.0347481
4.21179522	168.175718
4.21271077	168.316688
4.21362631	168.4576617
4.21438926	168.5986316
4.21545739	168.7396015
4.21637293	168.8805752
4.21728847	169.0215451
4.2183566	169.162515
4.21942473	169.3034887
4.22034028	169.4444586
4.22125582	169.5854286
4.22217136	169.7264023
4.22339208	169.8673722
4.22415503	170.0083421
4.22507057	170.1493158
4.2261387	170.2902857
4.22705425	170.4312556
4.22796979	170.5722293
4.22888533	170.7131992
4.23010605	170.8541692
4.230869	170.9951429
4.23178454	171.1361128
4.23300526	171.2770827
4.2340734	171.4180564
4.23498894	171.5590263
4.23575189	171.6999962
4.23682002	171.8409699
4.23788815	171.9819398
4.2386511	172.1229098
4.23956664	172.2638835
4.24063478	172.4048534
4.24170291	172.5458233
4.24246586	172.686797
4.24368658	172.8277669
4.24475471	172.9687368
4.24551766	173.1097105
4.2464332	173.2506805
4.24750134	173.3916504
4.24856947	173.5326241
4.2496376	173.673594
4.25040055	173.8145639
4.25131609	173.9555376
4.25238422	174.0965075
4.25329976	174.2374774
4.2542153	174.3784511
4.25528344	174.5194211
4.25619898	174.660391
4.25711452	174.8013647
4.25818265	174.9423346
4.25909819	175.0833045
4.26016632	175.2242782
4.26077668	175.3652481
4.26199741	175.506218
4.26306554	175.6471917
4.26382849	175.7881617
4.26489662	175.9291316
4.26596475	176.0701053
4.26703288	176.2110752
4.26779583	176.3520451
4.26901656	176.4930188
4.27008469	176.6339887
4.27084764	176.7749586
4.27161059	176.9159323
4.27283131	177.0569023
4.27359426	177.1978722
4.27466239	177.3388459
4.27573053	177.4798158
4.27664607	177.6207857
4.27756161	177.7617594
4.27832456	177.9027293
4.27969787	178.0436992
4.28061341	178.1846729
4.28137636	178.3256429
4.2824445	178.4666128
4.28351263	178.6075865
4.28427558	178.7485564
4.2854963	178.8895263
4.28625925	179.0305
4.28763256	179.1714699
4.28839551	179.3124398
4.28931106	179.4534135
4.29037919	179.5943835
4.29129473	179.7353534
4.29221027	179.8763271
4.29312581	180.017297
4.29419394	180.1582669
4.29526207	180.2992406
4.29633021	180.4402105
4.29724575	180.5811805
4.29831388	180.7221541
4.29922942	180.8631241
4.29999237	181.004094
4.30121309	181.1450677
4.30212863	181.2860376
4.30304417	181.4270075
4.30380713	181.5679812
4.30502785	181.7089511
4.30609598	181.8499211
4.30701152	181.9908947
4.30777447	182.1318647
4.30899519	182.2728346
4.31006332	182.4138083
4.31097887	182.5547782
4.31174182	182.6957481
4.31296254	182.8367218
4.31403067	182.9776917
4.31464103	183.1186617
4.31586175	183.2596316
4.31677729	183.4006053
4.31799802	183.5415752
4.31891356	183.6825451
4.3198291	183.8235188
4.32104982	183.9644887
4.32181277	184.1054586
4.32272831	184.2464323
4.32394903	184.3874023
4.32486458	184.5283722
4.32593271	184.6693459
4.32684825	184.8103158
4.32776379	184.9512857
4.32883192	185.0922594
4.32990005	185.2332293
4.33112078	185.3741992
4.33188373	185.5151729
4.33295186	185.6561429
4.3338674	185.7971128
4.33478294	185.9380865
4.33600366	186.0790564
4.33722438	186.2200263
4.33813993	186.361
4.33905547	186.5019699
4.33997101	186.6429398
4.34119173	186.7839135
4.34195468	186.9248835
4.3431754	187.0658534
4.34409094	187.2068271
4.34515908	187.347797
4.34622721	187.4887669
4.34714275	187.6297406
4.34836347	187.7707105
4.34927901	187.9116805
4.35004196	188.0526541
4.35111009	188.1936241
4.35233082	188.334594
4.35324636	188.4755677
4.35431449	188.6165376
4.35553521	188.7575075
4.35645075	188.8984812
4.35736629	189.0394511
4.35858701	189.1804211
4.35965515	189.3213947
4.36087587	189.4623647
4.36163882	189.6033346
4.36270695	189.7443083
4.36392767	189.8852782
4.36484321	190.0262481
4.36591135	190.1672218
4.36697948	190.3081917
4.36804761	190.4491617
4.36911574	190.5901353
4.37033646	190.7311053
4.37109941	190.8720752
4.37216754	191.0130489
4.37338827	191.1540188
4.3744564	191.2949887
4.37537194	191.4359624
4.37659266	191.5769323
4.37766079	191.7179023
4.37857633	191.8588759
4.37964446	191.9998459
4.3807126	192.1408158
4.38193332	192.2817895
4.38300145	192.4227594
4.38422217	192.5637293
4.38498512	192.704703
4.38605325	192.8456729
4.38727398	192.9866429
4.3884947	193.1276165
4.38956283	193.2685865
4.39063096	193.4095564
4.39169909	193.5505301
4.39276722	193.6915
4.39368276	193.8324699
4.39490349	193.9734436
4.39597162	194.1144135
4.39734493	194.2553835
4.39826047	194.3963571
4.3993286	194.5373271
4.40039673	194.678297
4.40146487	194.8192707
4.40268559	194.9602406
4.40360113	195.1012105
4.40482185	195.2421842
4.40604257	195.3831541
4.4071107	195.5241241
4.40817884	195.6650977
4.40939956	195.8060677
4.41046769	195.9470376
4.41168841	196.0880113
4.41275654	196.2289812
4.41382467	196.3699511
4.41489281	196.5109248
4.41596094	196.6518947
4.41733425	196.7928647
4.41840238	196.9338383
4.41931792	197.0748083
4.42069123	197.2157782
4.42175937	197.3567519
4.4228275	197.4977218
4.42420081	197.6386917
4.42526894	197.7796654
4.42633707	197.9206353
4.42755779	198.0616053
4.42847333	198.2025789
4.42984665	198.3435489
4.43091478	198.4845188
4.43198291	198.6254925
4.43320363	198.7664624
4.43442435	198.9074323
4.43549248	199.048406
4.43640803	199.1893759
4.43778134	199.3303459
4.43884947	199.4713195
4.4399176	199.6122895
4.44098573	199.7532594
4.44235904	199.8942331
4.44342718	200.035203
4.4446479	200.1761729
4.44571603	200.3171466
4.44693675	200.4581165
4.44800488	200.5990865
4.44937819	200.7400602
4.45044633	200.8810301
4.45151446	201.022
4.45288777	201.1629737
4.4539559	201.3039436
4.45502403	201.4449135
4.45609216	201.5858872
4.4571603	201.7268571
4.45838102	201.8678271
4.45960174	202.0088008
4.46082246	202.1497707
4.46204318	202.2907406
4.4632639	202.4317143
4.46417945	202.5726842
4.46570535	202.7136541
4.4664683	202.8546278
4.46768902	202.9955977
4.46890974	203.1365677
4.46967269	203.2775414
4.4711986	203.4185113
4.47226673	203.5594812
4.47348745	203.7004511
4.47470817	203.8414248
4.4757763	203.9823947
4.47684443	204.1233647
4.47806516	204.2643383
4.47928588	204.4053083
4.48035401	204.5462782
4.48172732	204.6872519
4.48279545	204.8282218
4.48386358	204.9691917
4.4852369	205.1101654
4.48630503	205.2511353
4.48737316	205.3921053
4.48859388	205.5330789
4.4898146	205.6740489
4.49088273	205.8150188
4.49210346	205.9559925
4.49317159	206.0969624
4.49439231	206.2379323
4.49546044	206.378906
4.49652857	206.5198759
4.49774929	206.6608459
4.49897002	206.8018195
4.50003815	206.8910263